/ 1 0 0 100 100
h 1 0 0 100 100
o 1 0 0 100 100
m 1 0 0 100 100
e 1 0 0 100 100
/ 1 0 0 100 100
e 1 0 0 100 100
m 1 0 0 100 100
m 1 0 0 100 100
a 1 0 0 100 100
n 1 0 0 100 100
/ 1 0 0 100 100
D 1 0 0 100 100
e 1 0 0 100 100
s 1 0 0 100 100
k 1 0 0 100 100
t 1 0 0 100 100
o 1 0 0 100 100
p 1 0 0 100 100
/ 1 0 0 100 100
l 1 0 0 100 100
e 1 0 0 100 100
a 1 0 0 100 100
t 1 0 0 100 100
h 1 0 0 100 100
e 1 0 0 100 100
r 1 0 0 100 100
  1 0 0 100 100
p 1 0 0 100 100
r 1 0 0 100 100
o 1 0 0 100 100
j 1 0 0 100 100
e 1 0 0 100 100
c 1 0 0 100 100
t 1 0 0 100 100
s 1 0 0 100 100
/ 1 0 0 100 100
s 1 0 0 100 100
t 1 0 0 100 100
i 1 0 0 100 100
t 1 0 0 100 100
c 1 0 0 100 100
h 1 0 0 100 100
e 1 0 0 100 100
s 1 0 0 100 100
  1 0 0 100 100
a 1 0 0 100 100
n 1 0 0 100 100
d 1 0 0 100 100
  1 0 0 100 100
h 1 0 0 100 100
o 1 0 0 100 100
l 1 0 0 100 100
e 1 0 0 100 100
s 1 0 0 100 100
  1 0 0 100 100
c 1 0 0 100 100
o 1 0 0 100 100
u 1 0 0 100 100
n 1 0 0 100 100
t 1 0 0 100 100
e 1 0 0 100 100
r 1 0 0 100 100
/ 1 0 0 100 100
s 1 0 0 100 100
t 1 0 0 100 100
i 1 0 0 100 100
t 1 0 0 100 100
c 1 0 0 100 100
h 1 0 0 100 100
e 1 0 0 100 100
s 1 0 0 100 100
_ 1 0 0 100 100
d 1 0 0 100 100
a 1 0 0 100 100
t 1 0 0 100 100
a 1 0 0 100 100
s 1 0 0 100 100
e 1 0 0 100 100
t 1 0 0 100 100
